#ID	Bld	Cap	Type	Special	Name
1	1	45	1	1	101
2	1	45	1	1	102
3	1	45	1	1	103
4	2	24	2	1	104
5	1	24	2	1	106
6	1	35	1	1	107
7	1	20	1	1	108
8	1	45	1	1	109
9	1	45	1	1	110
10	1	45	1	1	201
13	1	45	1	1	203
14	1	55	1	1	204
15	1	55	1	2	205
16	1	35	1	1	206
17	1	35	1	1	207
18	1	45	1	1	208
19	1	45	1	1	209
20	1	45	1	1	301
21	1	45	1	1	302
22	1	45	1	1	303
23	1	55	1	1	304
24	1	55	1	1	305
26	1	35	1	1	307
27	1	20	1	1	308
29	1	45	1	1	310
30	2	50	1	1	101
31	2	50	1	1	102
32	2	50	1	1	103
33	2	24	2	1	106
34	1	24	2	1	105
35	1	24	2	1	104
36	2	40	1	1	107
37	2	20	1	1	108
38	2	50	1	1	109
39	2	50	1	1	110
40	2	50	1	1	201
41	2	50	1	1	202
42	2	50	1	1	203
43	2	60	1	1	204
44	2	60	1	1	205
45	2	50	1	1	206
47	2	50	1	1	208
48	2	25	1	1	209
49	2	50	1	1	301
50	2	50	1	1	302
51	2	50	1	1	303
52	2	60	1	1	304
53	2	60	1	1	305
54	1	50	1	1	306
55	2	40	1	1	307
56	2	20	1	1	308
57	1	50	1	1	309
58	2	25	1	1	310
59	5	40	1	1	301
60	5	20	1	1	302-Lab. IPTSP
61	5	40	1	1	303
62	5	80	1	1	304
63	5	50	1	1	305
64	5	80	1	1	306
65	5	60	3	1	307 - ATELIÊ
66	5	40	1	1	308
67	5		1	1	309- Lab. IPTSP
68	5	80	1	1	310
85	5	40	1	2	101
86	5	40	1	1	208
87	5	50	1	1	105
88	5	80	1	1	106
89	5	80	1	1	107
90	5	40	1	1	108
91	5	30	1	1	109
92	5	80	1	1	110
95	5	40	1	1	201
96	5	30	1	1	202
97	5	40	1	1	203
98	5	80	1	1	204
99	5	50	1	1	205
101	5	80	1	1	207
102	5	30	1	1	209-D
103	5	40	1	2	102
104	5	80	1	1	210
108	5	80	1	1	104
109	4	35	3	1	103 - Ateliê
111	4	50	1	1	104
112	4	20	2	1	105
113	4	35	1	1	107
114	4	15	1	1	108
115	4	44	1	1	109
117	4	50	1	1	201
118	4	50	1	1	202
119	4	50	1	1	203
120	4	60	1	1	204
121	4	50	1	1	205
122	4	60	1	1	206
123	4	35	1	1	208
124	4	44	1	1	209
125	4	60	1	1	106
126	2	50	1	1	306
127	2	50	1	1	309
128	2	24	2	1	105
130	5	80	1	1	206
138	11	20	1	1	
140	5	40	1	1	401
141	5	30	1	1	402
142	5	40	1	1	403
143	5	80	1	1	404
144	5	50	1	1	405
145	5	80	1	1	406
146	5	80	1	1	407
147	5	40	1	1	408
148	5	20	1	1	409- Lab. IPTSP
149	4	25	1	1	210
150	5	80	1	1	410-D
151	12	60	1	1	Sala 01
152	12	60	1	1	Sala 02
153	12	35	1	1	Sala 03
154	12	35	1	1	Sala 04
155	12	35	1	1	Sala 06
156	12	35	1	1	Sala 07
157	12	35	1	1	Sala 08
158	12	35	1	1	Sala 09
159	12	35	1	1	Sala 10
160	12	40	1	1	Sala 11
161	12	60	1	1	Sala 12
162	12	60	1	1	Sala 13
163	12	40	1	1	Sala 14
164	12	60	1	1	Anfiteatro Inferior
165	12	90	1	1	Anfiteatro Superior
166	13	45	1	1	Sala 01
167	13	35	1	1	Sala 02
168	13	35	1	1	Sala 03
169	13	60	1	1	Sala 04
170	13	60	1	1	Sala 05
171	13	60	1	1	Sala 06
172	13	60	1	1	Sala 07
173	13	45	1	1	Sala 08
174	13	45	1	1	Sala 09
175	13	60	1	1	Sala 10
176	13	60	1	1	Sala 11
177	13	60	1	1	Sala 13
178	13	35	1	1	Sala 14
179	13	35	1	1	Sala 15
180	13	45	1	1	Sala 16
181	13	60	1	1	Anfiteatro Inferior
182	13	60	1	1	Anfiteatro Superior
183	12	70	1	1	Anfiteatro Menor
188	14	50	1	1	Sala 04 - B1
189	14	40	1	1	Sala 05 - B1
190	14	40	1	1	Sala 06 - B2
191	14	40	1	1	Sala 07 - B2
194	14	40	1	1	Sala 09 - B2
195	14	40	1	1	Sala 10 - B2
196	14	40	1	1	Sala 11 - B3
197	14	40	1	1	Sala 01 - B1
198	14	40	1	1	Sala 12 - B3
199	14	40	1	1	Sala 13 - B3
200	14	40	1	1	Sala 14 - B3
201	14	40	1	1	Sala 15 - B3
205	14	40	1	1	Sala 02 - B1
206	14	40	1	1	Sala 03 - B1
207	14	40	1	1	Sala 08 - B2
209	15	33	1	2	153
210	15	33	1	2	154
211	15	33	1	2	152
212	15	20	1	2	151
214	13	40	1	1	Sala 12 - Desenho Técnico
216	11	60	1	2	06
217	11	60	1	2	10
218	11	30	1	2	11
219	11	60	1	2	08
220	4	35	3	1	102 - Ateliê
221	11	30	1	2	12
222	11	60	1	1	09
223	14	25	1	2	Láboratorio de Informática
224	11	45	1	1	01
225	11	35	1	1	02
226	11	45	1	1	03
232	15	20	1	2	150
233	12	35	1	1	Sala 17
235	17	50	1	1	102
236	17	50	1	1	103
237	17	50	1	1	104
238	17	50	1	1	105
239	17	50	1	1	106
240	17	50	1	2	107
241	17	50	1	1	108
243	17	50	1	1	109
244	17	50	1	1	201
245	17	50	1	1	202
246	17	50	1	1	203
247	17	50	1	1	204
248	17	50	1	1	205
249	17	50	1	1	206
250	17	50	1	1	207
251	17	50	1	1	208
252	17	45	1	1	209
253	17	50	1	1	301
254	17	50	1	1	302
255	17	50	1	1	303
256	17	50	1	1	304
257	17	50	1	1	305
258	17	50	1	1	306
259	17	50	1	1	307
260	17	50	1	1	308
261	17	50	1	1	309
262	17	45	1	1	310
263	17	50	1	1	311
264	18	50	1	1	101
265	18	20	1	1	
266	18	50	1	1	103
267	18	50	1	1	104
268	18	50	1	1	105
269	18	50	1	1	106
270	18	50	1	1	107
271	18	50	1	1	109
272	18	50	1	1	302
273	18	50	1	1	304
274	18	50	1	1	306
275	18	50	1	1	309
276	18	45	1	1	310
279	18	50	1	1	208
280	18	50	1	1	301
281	18	50	1	1	303
283	18	50	1	1	305
284	18	50	1	1	206
285	18	50	1	1	210
286	11	30	1	1	Academia
287	18	50	1	1	201
288	18	50	1	1	203
289	18	50	1	1	205
290	18	50	1	1	207
291	18	50	1	1	209
292	18	50	1	1	211
293	18	50	1	1	308
296	16	40	1	1	Auditório 1, IQ2
297	16	40	1	1	Auditório 2, IQ2
298	16	40	1	1	Auditório 3, IQ2
299	14	40	1	2	16 B1
